110000;学者
110001;
110002;
110003;
110004;
110005;
110006;
110007;
110008;
110009;
110010;送葬者
110011;
110012;
110013;
110014;
110015;
110016;
110017;
110018;
110019;
110020;小壶商人
110021;
110022;
110023;
110024;
110025;
110026;
110027;
110028;
110029;
110030;探索
140080;黑夜蒙骗者
140081;
140082;
140083;
140084;
140085;
140086;
140087;
140088;
140089;
140090;黑夜亵渎者
902140600;恶兆之子
902140601;
902140602;
902140603;
902140604;
902140605;
902140606;
902140607;
902140608;
902140609;
902140610;恶兆之子们
902140900;恶兆之子们
902274000;大螃蟹群
902500110;熔炉骑士
903010900;失乡骑士们
903181100;英雄的红狼
903201600;流浪民族
903320110;仿身泪滴群
903330000;银色巨泪滴
903350600;结晶人们
903360600;祖灵之民的战士们
903400000;守墓斗士
903400600;守墓斗士们
903400900;发狂斗士们
903550600;鲜血贵族们
903800600;尊腐骑士
903800601;
903800602;
903800603;
903800604;
903800605;
903800606;
903800607;
903800608;
903800609;
903800610;尊腐骑士们
903810600;腐败眷属
903901600;黑焰习武修士们
904050600;凯丹佣兵们
904140200;唤灵蜗牛
904270100;老狮子
904290030;猎犬骑士
904290900;猎犬骑士们
904352600;杜鹃骑士们
904420100;巨型螯虾
904421600;冰寒螯虾
904470003;掳人少女人偶群
904480200;米兰达之花群
904480600;米兰达之花群
904560600;巨鸦群
904561000;血病巨鸦群
904600320;挖石山妖
904640100;腐败树灵
904670030;祖灵
904770200;英雄石像鬼们
904800600;鲜血君王
904811000;腐败化身
904820700;恶兆猎人们
904980000;死之鸟
905040000;咒剑士
905040600;咒剑士
905070000;死骑士
905070001;
905070002;
905070003;
905070004;
905070005;
905070006;
905070007;
905070008;
905070009;
905070010;死骑士
905070011;
905070012;
905070013;
905070014;
905070015;
905070016;
905070017;
905070018;
905070019;
905070020;死骑士（对斧）
905070021;
905070022;
905070023;
905070024;
905070025;
905070026;
905070027;
905070028;
905070029;
905070030;死骑士（长柄斧）
905070600;死骑士们
905081000;血怪之首
905081100;紫怪之首
905192000;蜘蛛蝎群
905210600;神兽舞狮
905250000;角战士
905250100;角战士
905250600;神兽战士
905250601;
905250602;
905250603;
905250604;
905250605;
905250606;
905250607;
905250608;
905250609;
905250610;神鸟战士
905312000;拷问老者
905320000;拷问官
905820600;大红熊
905860000;灵火龙
907500001;分离出来的三头野兽
907500002;分离出来的三头野兽
907500003;分离出来的三头野兽
907630000;反叛的史柴格斯
907630001;冲动的史柴格斯
907640000;“继承英雄武器的众女孩”哈尔莫妮亚
907640001;安定者们
907720600;骑士亚尔特留斯
907930600;负伤恶魔
907930601;
907930602;
907930603;
907930604;
907930605;洞底恶魔
907930606;
907930607;
907930608;
907930609;
907930610;恶魔王子
907930611;
907930612;
907930613;
907930614;
907930615;恶魔王子
911000100;废弃物之王
911000101;
911000102;
911000103;
911000104;
911000105;
911000106;
911000107;
911000108;
911000109;
911000110;
912000090;
912000091;
912000092;
912000093;
912000094;
912000095;
912000096;
912000097;
912000098;
912000099;
912000100;
912000101;
912000102;
912000103;
912000104;
912000105;
912000106;
912000107;
912000108;
912000109;
912000110;突袭者