0;
100000;追踪者
100001;
100002;
100003;
100004;
100005;
100006;
100007;
100008;
100009;
100010;女爵
100011;
100012;
100013;
100014;
100015;
100016;
100017;
100018;
100019;
100020;女巫
100021;
100022;
100023;
100024;
100025;
100026;
100027;
100028;
100029;
100030;守护者
100031;
100032;
100033;
100034;
100035;
100036;
100037;
100038;
100039;
100040;无赖
100041;
100042;
100043;
100044;
100045;
100046;
100047;
100048;
100049;
100050;铁之眼
100051;
100052;
100053;
100054;
100055;
100056;
100057;
100058;
100059;
100060;执行者
100061;
100062;
100063;
100064;
100065;
100066;
100067;
100068;
100069;
100070;隐士
100071;
100072;
100073;
100074;
100075;
100076;
100077;
100078;
100079;
100080;轮之魔女
100081;
100082;
100083;
100084;
100085;
100086;
100087;
100088;
100089;
100090;复仇者
100091;
100092;
100093;
100094;
100095;
100096;
100097;
100098;
100099;
100100;差役人偶
100101;
100102;
100103;
100104;
100105;
100106;
100107;
100108;
100109;
100110;叛徒
100111;
100112;
100113;
100114;
100115;
100116;
100117;
100118;
100119;
100120;流浪商人
100121;
100122;
100123;
100124;
100125;
100126;
100127;
100128;
100129;
100130;收藏家的看板
140000;黑夜刺客
140001;
140002;
140003;
140004;
140005;
140006;
140007;
140008;
140009;
140010;黑夜堕落者
140011;
140012;
140013;
140014;
140015;
140016;
140017;
140018;
140019;
140020;黑夜猎人
140021;
140022;
140023;
140024;
140025;
140026;
140027;
140028;
140029;
140030;黑夜盗贼
140031;
140032;
140033;
140034;
140035;
140036;
140037;
140038;
140039;
140040;黑夜破坏者
140041;
140042;
140043;
140044;
140045;
140046;
140047;
140048;
140049;
140050;黑夜人偶
140051;
140052;
140053;
140054;
140055;
140056;
140057;
140058;
140059;
140060;黑夜魔女
140061;
140062;
140063;
140064;
140065;
140066;
140067;
140068;
140069;
140070;黑夜执行人
175700;持秤商人
902100600;黑刀刺客
902130000;恶兆妖鬼
902130001;
902130002;恶兆妖鬼
902130003;
902130004;恶兆妖鬼
902500300;熔炉骑士
902500301;熔炉骑士
902500302;
902500303;
902500304;
902500305;
902500306;
902500307;
902500308;
902500309;
902500310;熔炉骑士们
902500500;熔炉骑士
902500520;熔炉骑士
902500600;熔炉骑士
903010000;失乡骑士
903010001;失乡骑士们
903010002;失乡骑士们
903050500;偏地老将
903050501;
903050502;
903050503;
903050504;
903050505;
903050506;
903050507;
903050508;
903050509;
903050510;偏地老将们
903050600;战场老将
903050601;
903050602;
903050603;
903050604;
903050605;
903050606;
903050607;
903050608;
903050609;
903050610;战场老将们
903050700;
903100600;铃珠猎人
903150600;黑夜骑兵
903150601;
903150602;
903150603;
903150604;
903150605;
903150606;
903150607;
903150608;黑夜骑兵（剑刃戟）
903150609;黑夜骑兵（连枷）
903150610;黑夜骑兵们
903180000;白金之子射手们
903181300;王夫的红狼
903250600;龙装大树守卫
903250601;
903250602;
903250603;
903250604;
903250605;
903250606;
903250607;
903250608;
903250609;
903250610;龙装大树守卫们
903251600;大树守卫
903251601;
903251602;
903251603;
903251604;
903251605;
903251606;
903251607;
903251608;
903251609;
903251610;大树守卫们
903253500;卡利亚禁卫骑士
903300562;诺克斯战士们
903350323;结晶人们
903350324;
903350325;
903350326;
903350327;
903350328;
903350329;
903350330;结晶人
903350331;辉石魔法师
903400300;守墓斗士
903460500;狮子混种
903471000;白金之子们
903550541;鲜血贵族
903560000;神皮使徒
903570000;神皮贵族
903575000;神皮双人组
903600530;石肤众王
903620000;神谕众使者
903700301;堕落调香师
903701000;调香师
903704522;战场魔法师们
903900000;火焰习武修士
903910000;火焰主教
903910600;火焰主教群
903970313;法姆·亚兹拉的兽人们
904020540;王室幽魂
904130700;亚人女王
904130701;亚人女王
904130702;
904130703;
904130704;
904130705;
904130706;
904130707;
904130708;
904130709;
904130710;亚人众女王
904260306;归树看门犬群
904270600;老狮子
904270601;老狮群
904290310;猎犬骑士
904311000;君王军的士兵长
904351000;王城骑兵
904353000;王城军骑士们
904354000;红狮子骑士们
904355000;灵庙骑士
904460000;火焰战车队
904470000;掳人少女人偶（摆荡镰刀）
904470001;掳人少女人偶（刺轮）
904470002;掳人少女人偶
904480311;米兰达之花
904480312;米兰达之花
904500600;丘陵飞龙
904501600;步入腐败仇恨龙
904502600;湖之辉石龙
904503600;山顶冰龙
904503601;“冻结冰雾”玻列琉斯
904505000;飞龙
904510601;古龙
904510602;古龙
904560000;巨鸦群
904580600;蚯蚓脸
904580601;蚯蚓脸
904580602;
904580603;
904580604;
904580605;
904580606;
904580607;
904580608;
904580609;
904580610;蚯蚓脸群
904600200;无头山妖
904600600;癫火山妖
904601000;骑士山妖
904601001;雪原山妖
904602000;雪原山妖群
904620320;黑暗弃子
904630310;卢恩熊
904640000;腐烂树灵
904650600;诺克斯的龙人士兵
904650601;龙人士兵
904660310;魔像守卫
904660311;
904660312;
904660313;
904660314;
904660315;
904660316;
904660317;
904660318;
904660319;
904660320;魔像守卫
904670000;祖灵
904680320;坠星兽物
904680603;坠星成兽
904690000;“接肢”贵族后裔
904750000;“接肢”君王
904770000;英雄石像鬼
904770001;黑剑眷属
904800003;恶兆之子
904810600;黄金树的化身
904910320;熔岩土龙
904911320;大土龙
904950600;提比亚的唤声船
904950601;
904950602;
904950603;
904950604;死诞者们
904950605;
904950606;
904950607;
904950608;
904950609;
904950610;提比亚的唤声船群
904980600;死亡仪式鸟
904980601;死亡仪式鸟
904980602;死之鸟
905011000;黄金河马
905810000;亚人剑圣
907100300;萨米尔的古英雄
907100530;萨米尔的古英雄们
907500000;“黑夜野兽”格拉狄乌斯
907510000;“黑夜之爵”艾德雷
907520000;“黑夜之智”格诺斯塔
907520001;慧心虫
907520002;“超越之光”亚尼姆斯
907530000;“坚盾”弗堤士
907540000;“深海黑夜”玛利斯
907540001;征兆
907550000;“黑夜之魔”利普拉
907550001;平衡律法的魔物
907550002;平衡律法的魔物
907550003;持秤商人
907580000;黑夜轮廓
907580001;“黑夜王”布德奇冥
907610000;“黑夜光骑士”弗格尔
907620000;“黑夜雾霾”卡莉果
907700000;贪食魔龙
907710000;百足恶魔
907710001;
907710002;
907710003;
907710004;
907710005;
907710006;
907710007;
907710008;
907710009;
907710010;百足恶魔群
907800000;公爵的夫雷迪亚
907800001;
907800002;
907800003;
907800004;
907800005;
907800006;
907800007;
907800008;
907800009;
907800010;公爵的夫雷迪亚群
907820000;镕铁恶魔
907900000;无名王者
907920000;冷冽谷的舞娘
909800000;癫火军队
909810000;法姆·亚兹拉的兽人们
909820000;混种集团
909830000;大蚂蚁群
909840000;腐烂长生者们
909850000;祖灵之民的战士们
909900000;
911000000;执行者的唤声
911000001;
911000002;
911000003;
911000004;
911000005;
911000006;
911000007;
911000008;
911000009;
911000010;复仇者
911000011;
911000012;
911000013;
911000014;
911000015;
911000016;
911000017;
911000018;
911000019;
911000020;黑夜复仇者
911000021;
911000022;
911000023;
911000024;
911000025;
911000026;
911000027;
911000028;
911000029;
911000030;侵蚀
911000031;
911000032;
911000033;
911000034;
911000035;
911000036;
911000037;
911000038;
911000039;
911000040;污浊的病原
911000041;
911000042;
911000043;
911000044;
911000045;
911000046;
911000047;
911000048;
911000049;
911000050;一击杀斗士
911000051;
911000052;
911000053;
911000054;
911000055;
911000056;
911000057;
911000058;
911000059;
911000060;迅闪老狮子
911000061;
911000062;
911000063;
911000064;
911000065;
911000066;
911000067;
911000068;
911000069;
911000070;白角
912000000;坑道的结晶人
912000001;
912000002;
912000003;
912000004;
912000005;
912000006;
912000007;
912000008;
912000009;
912000010;仿身山妖
912000011;
912000012;
912000013;
912000014;
912000015;
912000016;
912000017;
912000018;
912000019;
912000020;龟裂魔像
912000021;
912000022;
912000023;
912000024;
912000025;
912000026;
912000027;
912000028;
912000029;
912000030;黑夜猎人
912000031;
912000032;
912000033;
912000034;
912000035;
912000036;
912000037;
912000038;
912000039;
912000040;露珠守卫们
912000041;
912000042;
912000043;
912000044;
912000045;
912000046;
912000047;
912000048;
912000049;
912000050;前佣兵们
912000051;
912000052;
912000053;
912000054;
912000055;
912000056;
912000057;
912000058;
912000059;
912000060;离群猎犬骑士
912000061;
912000062;
912000063;
912000064;
912000065;
912000066;
912000067;
912000068;
912000069;
912000070;黄金树的化身
912000071;
912000072;
912000073;
912000074;
912000075;
912000076;
912000077;
912000078;
912000079;
912000080;受黑夜吞噬的黄金河马